18446744072982685694,111,38665594235588453257434764455298089255446743475235488553249556683
18446744072982214627,118,19966338846686597498321212774646636877863664647721212389479568664883366991
18446744072982969202,137,1265558804521554515657853543892176473223746712983453587565154551254088555621
18446744072982224721,102,19946778746874499644647977962788726977974644699447864787764991
18446744072982747333,133,8847863989888467659745328965860898998980685698235479567648889893687488
18446744072982749853,133,8847863989888467659745328965860898998980685698235479567648889893687488
18446744072982507634,115,89322685246567578999956898306888860389865999987576564258622398
18446744072982757214,119,111686687541279478686358446645866668546644853686874972145786686111
18446744072982280224,116,89332287397224856943763324773499437742336734965842279378223398
18446744072982667202,109,288149390342686869492952241495594142259294968686243093941882

These are resolved as of the latest master commit, b1b0be4fce5c651a8c3dbad6d6302d1ea7ba98e6
